276267011
491544
491552
491554
491558
491564
45
2402233011
491578
271614011
491580
491586
491590
491592
491594
689768011
491602
491624
5571281011
491542
10368549011
308409011
491546
2402255011
491548
491690
491700
491704
9536078011
491708
491714
491716
491718
8975352011
10367727011
491730
491732
5571270011
10020684011
67651
6134006011
10367715011
10159391011
11047977011
295223
295224
295228
295229
10056636011
10159287011
10367730011
6511985011
10368582011
2402288011
307918011
9681306011
11160409011
3558938011
14279705011
308904011
10367679011
10399755011
7288554011
307561011
684256011
10159293011
7282066011
15991411
684262011
15991421
10166928011
15991441
310117011
307427011
107146011
15991461
8622801011
15991481
10368541011
309211011
307415011
688864
11764646011
688868
688870
9692513011
15991541
7661749011
7586186011
7009076011
271625011
9692515011
271582011
10368648011
684295011
16531
689772011
2402223011
754608
8298071011
1002
276268011
1007
1008
309341011
307627011
689807011
1048
1057
1058
271615011
1063
10387326011
307496011
11107
8622794011
5571282011
7742994011
16571
10368550011
11115
2402256011
9536079011
8975353011
10020685011
6134007011
689771011
67692
15959291
7259412011
15959301
13436171
13436181
13436191
10368625011
13436201
10367731011
886086
52168011
689783011
6511986011
10368583011
886130
309233011
886132
16617
886138
886140
886142
886144
886146
9432908011
310085011
15762841
3048861
15762851
67695
3048871
15762861
3048881
15762871
10020718011
15762881
1475
1476
309528011
684278011
1512
1513
1515
1516
1517
1518
1519
1520
1521
2479425011
1525
3048961
1538
7288555011
3048971
689723011
3048991
15762981
10367764011
3049011
15763011
3049031
10368616011
15763031
1624
1625
1626
3049051
1628
1629
1630
1631
1632
15763041
1635
1638
1640
1641
1642
15763051
1644
15959661
1646
1647
1648
1649
1650
1651
1652
1653
1654
1655
1656
1657
1658
1659
1662
1663
1666
1667
1668
1669
1670
1671
1672
1673
1674
1675
1676
1677
1679
1680
1681
1682
8975363011
1684
1685
1686
3049111
1688
1689
1690
1691
1692
1693
1694
1695
1696
1697
1698
1699
1700
1701
1703
1704
1705
1706
1708
1709
1710
1711
67248
1713
67250
1717
67254
1719
1720
1721
1722
1724
1725
67262
1727
10056632011
67281
67282
3049171
67284
67289
67290
9692514011
886494
67296
67297
886498
1767
886504
1769
1771
67309
67310
67311
67313
67316
1782
67319
684299011
3049211
67326
67328
7586187011
3049221
1799
1801
1802
1803
1804
3049231
1809
7009077011
1820
1822
1823
1824
271583011
1835
1836
67374
1840
1842
308873011
1844
67382
1847
1848
1851
1852
1854
1858
1859
1860
1861
1865
1866
13922568011
1868
1869
1871
1872
1873
379357011
1878
309917011
67460
67461
67462
67463
67464
67465
67466
2402224011
67468
67469
67470
67471
67472
67473
67474
67475
67476
67477
67478
67479
67480
67481
67482
67484
67485
67486
67487
67488
67489
67490
307759011
67492
67493
67494
67495
67496
67497
67498
67499
67500
67501
67502
67503
67504
67505
67506
67507
67508
67509
67510
67511
67512
67513
67514
67515
67516
67517
67518
67519
67520
67521
67522
67523
67524
67525
67526
67527
67528
67529
67530
8298072011
67532
67533
67534
67535
67536
67537
67538
67539
67540
67541
67542
67543
67544
67546
67547
67548
67549
67550
67551
67552
67553
2018
2019
67558
2023
2024
2025
2026
2027
2028
2029
2030
67567
2032
67569
67570
8626717011
67572
67573
67574
67575
67576
67577
67578
67579
67580
67581
67582
67583
67584
67585
67586
67587
67588
67589
67590
67591
67592
67593
67594
271616011
67596
67597
67598
67599
67600
67601
67602
67603
67604
67605
67606
67607
67608
67609
67610
67611
67613
67614
67615
2080
2082
8622834011
2084
2085
67622
2087
67624
67625
67626
67627
67628
67629
67630
67631
67632
67633
67634
67635
67636
67637
67638
67639
67640
67641
67643
67644
67645
67646
67647
67648
67649
67650
8622803011
67652
67653
67654
67655
67656
67657
67658
67659
67660
67661
67662
67663
67664
67665
67666
67667
67668
67669
67670
67671
67672
67673
67674
67675
67676
67677
67678
67679
67680
67681
67682
10368551011
67684
67685
67686
67687
67688
67689
67690
2155
2156
67693
2158
2161
2162
67700
2166
15992951
2168
2169
11286
67720
9536080011
863256
271587011
8975354011
67740
67741
7259434011
2216
2221
2224
2225
2227
2229
689734011
7259425011
2312
2328
2329
2330
2332
2337
2339
2340
2341
2342
2343
2345
2347
2348
2352
2353
2355
2356
2358
2359
2360
2361
2362
2363
2364
2366
2367
2368
2370
2371
2372
2373
2374
2377
10368584011
2394
2402290011
2397
2398
2399
2410
2420
2421
2422
2423
2425
2426
2427
2429
2432
2433
2434
2435
2436
2438
2440
2442
2444
2445
2447
2448
2449
2451
10020719011
52167011
10367798011
2479426011
2542
2545
2553
2560
2565
2567
297480
2569
2571
2575
2576
297489
2578
2579
2580
2582
2583
2585
2586
2587
297500
2589
2590
2591
2593
2594
2595
2596
297509
2598
297511
297512
2601
2602
2603
297517
68142
2609
297522
2611
297524
297525
297526
297527
2633
2634
2635
2636
2637
2640
2641
14051773011
2644
68181
2646
2647
2648
2649
107154011
2653
2654
2655
2656
52071011
68202
2667
2668
2670
2671
2672
2674
2678
2679
2680
2682
2683
2684
2685
2686
2687
2688
2689
2690
2691
2692
2694
2696
2697
2699
2700
2703
2705
2706
2707
2708
2709
2710
2711
2712
2719
2720
68262
2731
2735
2736
2739
2742
2745
2746
2748
2751
2754
10806627011
2758
2761
2766
2769
2770
7538399011
2773
2776
2788
2789
2792
7586188011
2796
2800
2804
2808
7009078011
2812
9352388011
307522011
2816
2820
2823
271584011
2830
2832
2840
2843
2846
2849
1084194
3559263011
2853
1084198
10390311
2856
2859
2863
1084210
2867
2869
2871
1084216
2873
2874
379358011
1084220
1084222
2879
2880
1084232
1084236
2896
265041
265042
16867
2904
2906
2907
2910
2913
2914
2916
2918
2919
2920
2922
2923
2924
2925
2927
2928
2929
2930
2402225011
2933
2934
2935
2936
2937
2939
2940
2941
2942
2943
2944
2945
2946
2948
2949
2950
2955
2957
2958
2959
2962
2965
2967
2970
2978
2979
2984
2985
2986
2987
2988
2990
2991
2992
2993
2994
377537011
3005
3007
3012
3016
3017
3018
3019
3021
3022
3024
3025
3026
3027
3028
3029
194817011
3040
3041
3043
3044
3046
3050
3053
3056
3059
3060
3061
3064
3067
3068
3070
3071
3072
3076
3080
3083
3087
3088
3089
3090
3093
3095
3096
3098
3099
3103
3104
3106
309759011
3110
3112
3114
10367700011
3116
3119
3120
3121
3122
3124
3125
3131
3133
3135
3138
3139
3142
3144
3145
3147
3148
3150
3153
3156
3159
3160
2402258011
3166
3168
3171
3172
3175
3177
3178
3179
3180
3183
3185
3186
3187
3188
3189
3190
3201
3203
3204
3206
3208
3209
3211
3212
3214
3215
3216
3217
3564965011
3220
3221
3224
8298106011
3231
3232
3236
3237
3239
3240
3241
3242
3245
3246
3247
3248
3249
3250
3254
3255
3256
3258
3260
3262
3263
3267
3270
3273
3274
3278
3279
3280
3285
3288
10159394011
3297
3298
3301
10020679011
10367733011
10159263011
3374
3375
3376
3377
10368552011
3379
3380
3381
3384
3385
3388
3389
3390
3391
3392
3393
3394
2402291011
3397
265543
3401
265547
3404
265549
3407
3408
3412
3413
3416
3418
3419
3420
3421
3424
3425
3429
10159366011
355569011
583110011
377548011
10020720011
309210011
16968
2479427011
3527
7421464011
3563
3568
3570
6343233011
3573
10159296011
3602
7282069011
3605
10368618011
3612
3616
3617
3624
11309356011
3632
684265011
3636
3641
265787
3648
689696011
3654
3655
52072011
10368615011
3668
3669
3674
3685
308981011
69240
3705
3711
3722
69260
69262
3727
3728
3730
3559299011
3733
3738
11764666011
3742
3743
3744
69281
69282
2402250011
3749
10806628011
2402321011
3399
3779
3780
3781
3782
3787
3788
3789
7586189011
3804
3806
10367799011
271585011
3829
3830
3833
689803011
3845
3852
3856
691990
3863
3866
684298011
3868
3875
3880
3882
10367668011
3890
3568201011
3896
3897
107152011
10368520011
3922
8622807011
3926
2402226011
3935
3937
3939
3941
3944
3953
3954
3955
266106
266108
3966
3967
3970
3971
3974
3977
3325104011
3981
266129
3987
266133
3990
266136
8298074011
3996
4000
4002
4013
4014
266160
4019
4020
266175
266176
4033
266179
266180
266181
4047
10159375011
4052
10159362011
4063
4064
4072
266220
266221
266222
266223
266224
10387329011
266236
266237
4094
4095
4097
14045483011
4127
332927011
4132
4133
4135
4140
689746011
10368553011
2402259011
4164
4167
4169
4179
69721
69722
307794011
69725
69728
69730
309134011
69732
4197
4199
4200
69738
4204
4205
4206
4209
4210
4211
4213
4214
4215
4216
4217
4218
3564966011
4220
4221
4222
4223
69760
4225
4226
8298107011
4232
69769
4235
4236
69773
4238
4242
4246
4247
4250
4251
4255
4257
4258
4260
4261
4263
4266
4267
69804
69805
4270
4271
4272
4273
4274
4276
4278
4280
4281
4282
4283
4284
4285
69822
4287
69824
4289
69826
69827
69830
69832
4297
69834
4299
69837
4304
4305
69842
69844
4310
4311
4312
69849
69850
69851
4316
4318
4320
4321
4322
4323
4324
4328
4329
713036011
4332
4333
4334
4335
4340
4341
4342
4344
8622838011
6511989011
4375
10368586011
4392
4393
4394
4397
4398
4399
4400
4401
4404
4405
4406
4408
4411
4414
4415
4417
4418
4420
4423
4424
4425
4428
4430
4431
4432
4433
14279709011
4436
4437
689698011
4439
4440
4441
69980
69981
69983
132551011
4452
4454
4455
4459
4460
4461
4462
4463
4464
10020721011
4468
4469
4470
4471
4472
4473
4474
4475
4476
4477
4479
4480
4481
4482
4483
4485
4486
307696011
4494
4495
4496
4497
4498
4499
4500
4502
4505
4509
4511
4514
4515
4520
4521
4522
2479428011
4524
4525
4527
4528
4529
4531
4532
4533
4534
4535
4536
4537
4538
4540
4541
4542
4543
4544
4545
4546
4547
4548
4556
4558
4566
4567
4568
6343234011
4572
4573
4574
4576
10367767011
52204011
9352385011
4602
4605
4606
4610
11691
4612
4616
4618
4619
4621
4623
8947733011
7259426011
4631
684266011
4636
4639
4646
4650
4651
4653
4657
4658
2402201011
4660
4661
4663
4664
4668
4669
4670
4671
4673
4674
4675
4676
308712011
4689
4693
4694
4695
4698
4699
4700
4702
4703
4704
4705
4713
4714
4718
4719
4720
11006481011
4724
4725
4727
4728
4732
4733
4734
4735
4737
4739
4740
4742
4743
4744
4745
4746
4747
4749
4751
4763
4773
4781
7661753011
4793
7586190011
4798
4799
309859011
4807
10367800011
4812
4813
4814
4815
4816
4818
4819
4820
4821
4822
4823
4825
271586011
4828
4829
4831
4832
4833
4834
4835
4836
4837
4841
4842
4843
4844
4845
4846
4847
4848
4849
4850
4851
4852
4869
4871
4874
4875
4878
4880
4881
4882
107189011
4891
4894
4895
4897
4898
4899
4907
4908
10368521011
4917
4922
4923
4924
4927
4940
4946
4948
4952
4954
4959
4968
4969
4972
4974
4979
4982
4984
4988
4989
4991
4994
11755
4996
4997
4999
5000
5001
5002
5003
5004
5005
5006
5007
5008
5009
5010
17219
5012
5015
5017
5018
5019
5020
5021
5024
5025
5027
5029
5030
5031
5032
67683
5044
5046
5047
5050
5051
5053
5054
271619011
5060
5061
5064
5065
5067
5068
5069
5072
5073
5074
5075
5076
5077
5082
5084
5086
5089
5090
5091
5092
5096
5097
5099
5100
5101
5102
5103
5104
5105
5106
5107
5109
5110
5111
5117
5118
5119
5121
5123
5124
5125
5127
5128
5129
5130
5131
5132
5133
5134
5135
5137
5138
5139
5140
5141
5142
5143
10368554011
5148
5149
5150
5151
5152
5153
5155
5156
5157
5158
5159
5160
5161
2402260011
5166
5167
5168
5171
5172
5173
5175
5177
5178
5179
5181
5186
9536083011
5188
5190
5192
5195
5197
8975357011
3564967011
5244
5246
5249
194811011
5254
5259
5262
5264
660626
660628
5269
660630
5271
5274
5278
5280
5283
300199
5289
5293
5295
5297
5299
5301
5304
5306
5311
5313
5315
5322
5326
5333
5343
5345
17275
5361
5363
5365
5367
5369
6511990011
5373
5378
689739011
5383
5385
5391
271637011
2402293011
5397
5399
5401
5405
5408
5410
5412
5414
5416
5419
5423
5429
5432
5434
377886011
300354
132552011
10020722011
7290951011
464254
2479429011
7421466011
17307
307521011
309401011
660926
7288680011
10367768011
52205011
10159298011
10368620011
8947734011
684267011
107157011
52074011
2402195011
464478
11764668011
10368611011
9692518011
107196011
276240011
307599011
7009081011
497332
13833911
52184011
10056635011
10368653011
684300011
17363
307916011
8622774011
52107011
3118861
309257011
10368522011
17371
2402228011
10159401011
10368528011
10367677011
689751011
8298076011
334043011
10367665011
300961
10159364011
10387331011
10159377011
10367703011
332929011
2402261011
9536084011
10368539011
2878
6343225011
3564968011
10367687011
67691
307856011
170102
170105
170106
170107
170121
10159397011
10159341011
8622840011
1059
6511991011
689740011
14282451
2402294011
7421467011
11160394011
132553011
10020723011
760204
465226
7290952011
465228
10806595011
465232
465236
465238
465240
465246
465258
465260
465262
689805011
2479430011
3558939011
465288
465290
465292
10806583011
465304
465306
10166932011
6343236011
15342001
10367769011
8622792011
689793011
10159299011
14916061
8947735011
684268011
52075011
7422603011
2402196011
11006483011
596556
9692519011
16052931
9352387011
271626011
301742
301751
10368654011
10159371011
10367671011
689722011
301806
10368621011
465676
465678
465680
465682
2402229011
465684
465688
10387337011
3351944011
8298077011
301912
15375251
170900
170901
10387332011
15375281
307502011
170943
170944
170945
309763011
8622808011
689708011
689697011
9536085011
9147391011
3564969011
282843
8298110011
10020691011
689685011
194813011
684297011
171100
171102
171105
171106
171116
171117
171118
171121
171123
171126
171127
171128
171129
10159398011
689801011
171140
308944011
307535011
171183
171184
10367737011
171188
171190
171191
171192
171193
10159267011
6511992011
309915011
16260301
689741011
171225
2402295011
307830011
377888011
16311551
7259413011
67699
12163
761128
10020724011
7290953011
7259401011
7421468011
9681285011
6343237011
10367770011
3559296011
307873011
10368622011
8947736011
684269011
52076011
8298075011
8975364011
2402197011
10056638011
7259424011
10806632011
7661756011
5824913011
466576
10159333011
10368655011
10367672011
310157011
6134004011
689676011
2402230011
689686011
307458011
10367796011
8298078011
10399752011
271622011
334041011
10387333011
10367705011
3559170011
2402263011
9536086011
10159332011
10825731
194814011
10368512011
197501011
307536011
2402218011
6511993011
10368590011
10434552011
11160396011
355574011
132555011
10020725011
10367712011
309801011
10806600011
7421469011
12059
172400
172406
6343238011
10159301011
15356851
10368623011
307915011
684270011
307864011
52077011
308716011
309142011
10368523011
10056639011
9692521011
7661757011
5824914011
598622
15376991
3048891
7009084011
2402300011
689808011
172701
13922575011
8493540011
172720
5571257011
5571260011
689677011
172760
172763
172764
172765
172768
2402231011
9681305011
172803
172804
172805
172811
172812
172814
172815
172816
172817
8622786011
10399753011
6133982011
10367706011
2402289011
10806593011
689710011
173001
173002
2402264011
12451
689816011
9536087011
697342
3564971011
689804011
3559289011
10159400011
7538386011
8622791011
10367739011
52176011
10159269011
6511994011
10368591011
309241011
307406011
11160397011
14279714011
468210
5571277011
9681307011
11764639011
3558942011
10368531011
6343239011
10159365011
689744011
684271011
173483
52078011
5571269011
2402199011
2402193011
173561
287291
173578
10806634011
1627
689720011
7661758011
5824915011
1633
9803
9805
9807
9810
7009085011
9814
9815
9817
271591011
10368657011
1091194
1091196
1091198
1091200
9857
1091202
309307011
1091204
1091206
1091208
1091210
13922576011
1091212
1091214
1091216
8493541011
15345301
9882
3568202011
10166929011
10367704011
9926
2402232011
9955
689684011
684296011
9996
9999
10001
10003
6133983011
309897011
10159376011
9059877011
684284011
10387335011
10088
7421471011
10090
10096
15763091
10114
10367707011
10129
10368627011
10132
10139
10148
10150
2402265011
10169
10173
10175
10195
10197
10207
3221481
3221491
10229
10233
10236
10238
10240
1707
10245
10250
194816011
10252
10254
10255
10256
10262
10267
10271
1712
10277
10279
10284
1714
1715
10296
10303
7538387011
1718
10313
10324
10367740011
67261
3568213011
1726
10159270011
689806011
107164011
10368592011
3559205011
2402298011
10397
10399
10402
10404
10406
10408
10410
10412
10414
10419
10421
10423
10425
11160398011
10433
10436
10441
10459
10461
10468
10470
10473
10480
10482
10487
10489
10491
10495
10497
10507
10511
10514
10516
10517
10522
10524
10525
10529
67291
10532
10543
10548
10550
10555
6343240011
10576
10367773011
10580
10588
10590
3049191
67304
308933011
10618
10633
10646
10166938011
10671
1780
10682
10687
2402200011
10700
10705
10710
10712
10714
7661750011
10737
10744
10746
764418
10806635011
10757
10759
10761
10767
10771
10773
10775
10780
10782
10786
7661759011
764452
10789
10791
600616
10793
600620
334040011
10801
10804
10806
10808
10810
10812
10814
10816
10817
10820
10821
10824
10826
10159336011
10828
10830
10832
10836
10841
10843
10845
10847
10849
10853
10855
10857
10859
10861
10864
10866
10367797011
10868
10869
10871
10873
10875
10879
10881
307899011
10889
10891
10892
10898
10056643011
10900
10902
10903
10905
10907
10909
10911
10913
10922
10925
10927
10929
10931
10934
10936
10939
10941
10943
10946
10948
10950
10955
10957
10962
310029011
10966
10967
10969
10971
10973
10975
10976
10978
7259430011
10981
10983
10985
10987
10993
10995
10997
10999
11001
11005
11007
10424331011
67372
11021
11023
11031
11035
11037
11039
11041
689730011
11045
11047
11049
11053
11054
11055
11057
11059
11063
11065
11067
11070
11072
1846
10387336011
11086
11089
11091
11099
11105
3559262011
11109
11111
11113
10367708011
11121
11128
11130
11132
11143
11146
10368560011
11149
11160
11162
2402266011
11164
11168
11170
11172
11173
11177
11186
3568217011
11189
11192
11194
11196
11199
11201
11203
11205
11207
11209
11223
8298114011
11229
11235
11237
11240
11242
11244
11247
11249
11251
11256
11260
11262
10037931011
11270
11272
11274
11276
11280
11282
11284
863254
10159402011
11293
11294
11296
11300
11302
11306
7538388011
11310
11312
11314
171187
11316
11320
11324
10367808011
11332
11336
11344
10367741011
11350
11352
10159271011
11365
11367
10368585011
6511996011
11373
11376
11378
10368593011
11381
11385
11388
11390
11392
11394
2402299011
11403
11291
11160399011
11429
11431
11160393011
11434
14279716011
11437
11441
11444
11450
234958011
11452
11453
11455
11457
11472
11488
7406071011
11495
10368561011
7421472011
7538395011
10020713011
10367774011
309168011
10434551011
10368626011
11619
11621
11623
11626
11632
11634
684273011
11639
11641
11643
11647
11649
11653
11655
11659
11661
11663
11664
11666
308293011
11670
11672
11676
11678
11680
11682
308719011
11686
11688
11690
7114436011
11693
11695
309145011
11700
11702
11704
11707
11711
11714
11716
11720
11722
11724
11726
11728
67491
11732
11735
11739
11742
11744
11746
11749
11751
11753
11754
10806636011
11759
11763
11765
11769
309014011
7661760011
5824917011
10367807011
11823
10159337011
10368659011
302952011
13922578011
11871
379367011
11880
10367676011
11892
11899
11902
689680011
689815011
2402234011
11937
11941
11943
11945
689681011
11957
11964
11966
67531
11972
11975
11977
11981
11983
11986
3351949011
11990
11994
11996
11998
12000
12002
12004
12006
12008
10399756011
12017
12018
6133985011
12020
12022
7661751011
12027
12034
12036
12038
12040
12042
12046
12048
12051
12053
7259402011
689791011
10368538011
5744308011
6905737011
107145011
67554
10367709011
67556
67557
67559
689713011
12151
12153
67562
12159
12161
12168
67564
12170
12172
67565
12177
12179
12184
12186
3568218011
602014
67568
12196
11633668011
12211
12215
12218
3564974011
10227
5571272011
10020696011
194818011
287375
12255
12257
12280
10825721
12284
12286
12288
7259435011
12300
12302
12304
12306
7538389011
12335
12337
12339
12343
12345
10367742011
12348
12350
67595
12358
12361
10159272011
12364
12366
12368
12370
6511997011
12374
12376
12378
10368594011
12382
12384
12387
12393
12395
12402
12406
12408
12410
12412
12414
12418
689692011
12422
12424
12426
12428
12430
377893011
12438
12440
12442
355578011
12445
132559011
12452
12455
12456
12460
12462
12463
9045881011
12470
12474
12476
12478
12480
67616
12482
12484
12486
67617
7406072011
67618
12495
12498
10387327011
12500
689719011
67620
12508
67621
16244091
12517
864488
10806604011
12527
12530
7421473011
12532
12536
12538
12553
12555
12559
12561
12563
14603
12569
12573
689707011
12577
10367775011
12590
12592
12594
10159305011
12597
12599
12615
12624
12631
12634
684274011
12637
12640
12650
12652
12655
12657
12659
12671
12673
12676
12678
12681
12683
12685
12687
377555011
12693
12697
2402202011
12703
12705
504228
12710
12714
12717
12723
12725
12727
12729
12737
11764648011
12741
12750
12752
12757
12759
12762
12764
12766
12767
12769
12771
12773
12777
7921644011
12781
12783
12785
7661761011
5824918011
12803
12805
12807
7009088011
12817
271627011
12822
12827
689812011
602672
107197011
13021791
689774011
13021801
7742993011
10924661
10924671
2402235011
10924681
2157
3825091
67694
9536058011
67696
2402186011
67698
2402257011
67701
2167
10399757011
6133986011
307639011
7259403011
10387338011
307508011
307792011
10368562011
2402268011
9681286011
3568219011
3564975011
10020697011
16233431
8729474011
16233441
10159382011
7259436011
7538390011
3564964011
309376011
16233491
10367743011
13354
10159273011
6511998011
689747011
13389
2402301011
4811
11160401011
13434
13441
13443
13445
13447
13449
10367794011
13451
13453
13456
16233621
13476
13478
13481
13483
13485
13487
13489
16233651
13495
13497
13499
13505
13509
13511
13514
6133978011
13518
13521
13524
13022421
13529
7421474011
334039011
13537
13540
13022441
13548
13550
13022451
13557
13559
13022461
13567
13571
13022471
13577
10367776011
13581
52213011
13590
10159306011
13596
13598
13605
689780011
13615
13617
13625
13628
13630
684275011
13640
13642
13647
10166941011
13665
13680
13682
13684
308428011
2402203011
13709
7711045011
377550011
13718
13723
13725
13727
13731
10056644011
13755
16004541
689767011
9692520011
13769
13771
13773
13774
7921645011
13781
13785
7661762011
13790
13792
5824919011
13796
13799
13801
7009089011
13816
13818
13820
13822
10159339011
13839
13841
13843
13850
13852
13871
10099177011
16004661
5571262011
13889
13893
4827
13897
13899
13905
13907
13911
13913
13915
13917
13920
13922
13928
13930
2402236011
13932
13936
13938
13940
13942
13944
13946
16004731
13950
13953
13955
13957
13961
13963
13967
13969
684291011
13975
13979
13981
13983
13985
13987
13989
13991
13994
309901011
271628011
10367732011
689755011
10367711011
14117
14125
14131
14145
10368563011
14149
7696136011
2402269011
14166
14170
9681287011
10367674011
14187
10159404011
3564976011
6511987011
3049091
3747
10020698011
14249
309508011
14257
14258
14262
14269
689736011
7259437011
7538391011
10159274011
10368596011
2402302011
684243011
14411
10159392011
11160402011
14431
14279719011
14437
355580011
132561011
14454
14480
14484
14488
307706011
14494
14505
14509
14511
491492
10159338011
14529
14531
14533
14538
14543
14547
14561
14563
14567
14569
14573
10367777011
14581
14587
14589
14592
10159307011
14596
14598
14601
3558816011
689781011
9432906011
10828061
10828071
684276011
10828081
10095049011
10166942011
10159344011
10828101
10828111
16244451
10828121
2402204011
10828141
10828151
10828161
689802011
10828171
10828181
689818011
7921646011
7661763011
5824920011
689731011
10159340011
689814011
689778011
5571263011
689683011
309122011
2402237011
9536060011
287283
10367683011
689754011
7259405011
5571279011
10387340011
689742011
377568011
10368564011
5571267011
7696137011
2402270011
16233611
9681288011
689687011
2402191011
3564977011
10020699011
689718011
572308
572310
10806574011
16399311
689706011
10159275011
6512000011
10368597011
689694011
2402303011
684244011
13491
11160403011
3049131
297488
689682011
10367694011
297490
307685011
309542011
10806607011
9059875011
2588
7421476011
297501
6519373011
4883
2597
2599
297513
9432907011
309280011
68143
68145
52084011
10368617011
13535
6343235011
7661764011
307609011
684264011
271597011
307574011
68180
2645
5571264011
2651
309498011
13575
8622809011
2402238011
13579
2666
68203
68204
3049151
271633011
10159374011
9332127011
2402192011
309772011
16244691
10368565011
2402271011
9681289011
3568222011
16193
310067011
16197
16201
16203
16205
16215
16219
16221
16223
16226
10184194011
10367654011
6133977011
16273
16275
16277
16286
16288
573358
7538393011
16308
16315
309379011
10367746011
52183011
10159276011
6512001011
16378
10368598011
16381
16388
2402304011
16400
684245011
271621011
107135011
377897011
16472
16480
1196144
10445734011
7259420011
16528
7421477011
16534
16536
16539
16541
16545
16550
10368631011
16554
16558
16562
16564
16567
16569
6519374011
10367779011
16585
16587
16590
16592
16594
10159309011
16598
16599
16602
16606
16608
226683
16612
16613
292220
16618
3559244011
16620
16624
16627
16631
16633
16635
16638
16640
16642
16647
16649
16657
16662
16665
16669
10056642011
16672
16674
16683
16685
16692
16694
16698
2402206011
16700
16705
16707
16709
16711
16718
16723
16725
16727
16730
16732
16734
16736
16738
684286011
16740
16742
16744
16746
16747
16749
16751
16753
16757
16759
16761
16763
16765
16768
16770
10379660011
16774
16776
7921648011
16781
16783
16787
16790
16799
16801
16803
16806
16808
16811
16813
16817
16819
16821
16826
10159342011
16837
16839
16843
16847
16849
8622831011
16858
16859
16861
16863
16865
332055011
16869
16874
16882
10367681011
16884
16887
16889
16891
16895
16897
16899
16901
16903
16905
16907
16909
16911
16913
16915
16919
16927
16929
16935
16938
16942
16948
16952
16954
16959
2827
16964
541256
16976
16978
7259431011
16980
16982
16984
16986
8951186011
10368559011
16996
16999
17001
17005
17006
17008
17013
17015
17018
17023
17027
17029
17033
17035
17037
17039
17043
10159373011
17047
17049
17051
7259407011
3559310011
10367714011
2402214011
17131
17133
17135
17138
17140
17142
17144
17146
10368566011
17155
17159
17161
387040011
17165
17168
17169
17172
17173
17177
9681290011
17181
17183
17185
17189
17191
17193
17195
17197
17201
17203
17209
17211
17213
17215
17217
17221
17223
17225
17230
17234
10020701011
17238
17240
17242
17246
17248
17250
2875
17252
17256
17259
17261
17265
17271
17273
17277
17279
17285
17287
17289
10806576011
17292
1084226
17294
17296
310079011
17300
17304
17305
7538394011
17309
17319
17321
17325
17327
17333
17335
17337
107179011
17347
17351
17353
17357
17359
541648
17361
541652
17369
6512002011
17375
17378
10368599011
8622812011
17388
17396
17402
684246011
17405
17407
17413
15811591
15811601
11160405011
17429
17431
17441
17445
17450
17452
15811631
2402174011
10368540011
2915
17500
15811681
10445735011
17510
17515
689813011
9059878011
8622788011
689789011
10159310011
2402296011
689777011
684279011
10166945011
11371
15811861
2402207011
8626718011
308594011
689753011
10367678011
7921649011
1683
1099186
689817011
1099200
1099202
11309336011
5571266011
15812061
689729011
7742998011
2402240011
307349011
15812131
8298073011
689717011
689824011
15812171
6133991011
307644011
15812211
15812221
689705011
271632011
3559311011
379406011
8622819011
689693011
280291
280292
2402273011
280310
307382011
9681291011
9536059011
8975370011
684293011
6294751011
3564980011
10020702011
7259433011
69735
16004751
684281011
7259441011
10367748011
10159361011
10159278011
542656
542658
6512003011
542660
542662
542664
542666
10368600011
2402306011
689702011
684247011
3558941011
11160406011
689764011
2402175011
10387328011
10445736011
7421479011
8622793011
10367781011
10159311011
684280011
3107
10166946011
9536070011
7422605011
7639764011
15812871
2402208011
307743011
10445737011
8298056011
10159372011
308563011
308890011
69739
309742011
7421480011
689775011
7742999011
16009711
2402241011
307350011
10192708011
9536064011
309131011
3163
16009771
16009781
6133992011
16009811
16009821
16009841
7259409011
16009851
3559312011
10368568011
16244291
9681292011
308235011
52219011
227595
281373
10020703011
281388
281395
287203
9692510011
5496753011
10367749011
10159279011
10368601011
2402307011
684248011
9432911011
307842011
11160407011
132566011
2402176011
10056629011
67561
194809011
10806611011
9059880011
309415011
10367782011
307804011
10159312011
10368634011
10367722011
309284011
307449011
10166947011
3283
307432011
3291
10806633011
13922582011
10367815011
271601011
11309338011
10367684011
2402209011
2402242011
10806626011
8946929011
9536065011
8622835011
14044691
6133993011
309863011
287333
8622837011
10367717011
6511972011
10368569011
2402275011
271590011
689800011
8975372011
6511988011
160223011
8622787011
8298057011
7593054011
5496754011
1768
287379
10367750011
10368535011
287381
52187011
10368602011
287387
3398
2402308011
684249011
265548
872404
2402177011
309547011
689752011
11764650011
10806612011
10367673011
309842011
52220011
10159313011
10368635011
5571265011
684282011
10166948011
282801
282802
282803
282804
282805
282806
282808
282809
282811
282812
282813
282814
282815
282816
282817
282818
282819
282820
282821
282822
282823
282824
282825
282826
282829
282830
282831
282832
282834
6511999011
282836
282837
282838
282839
282842
2402210011
282844
282847
282848
282853
282855
282857
282860
282862
282863
282865
282866
282867
282868
282869
282870
282871
282872
282874
310006011
282877
282878
282880
689748011
8298058011
282908
282909
282910
282911
282912
282913
282914
282915
282916
7921652011
1783
689704011
282934
282935
282936
282937
282938
282939
282940
282942
282943
282945
282946
282947
282949
282950
282951
282952
282953
10367816011
282956
1784
282960
282963
282964
10159346011
689820011
11309339011
10099184011
10367685011
713839011
283045
7743001011
9536066011
8951190011
5571268011
10020672011
6133994011
3035701
271635011
10367718011
297491
6511973011
10368570011
8883983011
2402276011
9681294011
689688011
8975373011
3564983011
194827011
7259444011
16233451
2402313011
15356751
15356761
15356771
15356781
15356791
15356801
10368603011
15356811
2402309011
684250011
15356831
15356841
107140011
6515545011
14279726011
15356871
132568011
15356881
2402178011
6515549011
309838011
309974011
11764651011
10806613011
2899
7421482011
9045759011
307582011
10159314011
7587452011
10166949011
689770011
1084214
2402211011
2402253011
8298059011
7921653011
873752
265776
307615011
271631011
689821011
377559011
309319011
9536076011
689690011
8622810011
2402244011
9536067011
10056623011
8975350011
8298092011
309483011
271636011
689745011
9332128011
52156011
6511974011
10368571011
8883984011
2402277011
775830
9681295011
3564984011
14631
16311251
227627
7259445011
3344095011
5496756011
10367752011
3568215011
3726
10159282011
107166011
10159395011
689756011
309989011
684251011
107141011
11160410011
10056634011
10368557011
2402179011
3745
3746
69283
1038308
1038310
1038312
1038314
11764652011
1038316
1038318
1038322
1038324
1038326
1038328
10806614011
1038332
1038334
1038336
9059883011
1038340
1038342
1038344
1038346
9045760011
1038348
1038350
1038352
1038354
3351979011
1038356
1038358
1038360
1038362
7661738011
1038364
1038366
1038368
1038370
1038372
1038374
1038376
1038378
1038380
1038384
1038386
689721011
1038388
1038390
1038392
1843
1038394
1038396
10159359011
10159315011
12755
10368533011
10368637011
9432914011
10166950011
2402212011
1084248
307455011
8298060011
7921654011
307616011
2655476011
107177011
689822011
309167011
310000011
689811011
11309341011
684263011
5571271011
2402272011
7916444011
227731
227733
7743003011
10368633011
2402245011
689799011
67323
9536068011
227741
8373230011
10166926011
8298093011
10020674011
689787011
6133996011
307790011
689732011
10159381011
227723
9059879011
307778011
10367720011
10367699011
6511975011
10368572011
8883985011
689763011
2402278011
9681296011
8975375011
3564985011
379359011
5571276011
7259446011
8622772011
1867
7538400011
5496757011
10367753011
10159283011
689727011
689757011
2402311011
684252011
107142011
11160411011
14279728011
689715011
132570011
689716011
2402180011
309957011
5147
689743011
689703011
9059884011
7538397011
1875
7661739011
10367786011
689691011
10806591011
689790011
13687
684285011
689679011
8946317011
285842
285855
285856
285858
285859
285860
10202275011
8298061011
3962
7921655011
10367819011
10387339011
10367675011
689823011
16244011
16244021
16244031
16244041
10367688011
7916445011
16244061
17163
7743004011
2402246011
266134
9536069011
16244121
8373231011
16244141
16311011
8298094011
10020675011
3825101
3825111
307650011
3825121
3825131
3825141
271638011
3825151
3825161
4016
4018
16244271
10367721011
307457011
307610011
14292115011
6511976011
9536063011
10368573011
16244311
16244321
2402279011
9681297011
284499
307814011
310124011
8975376011
3564986011
16244381
5571274011
2380504011
16244401
16244441
7259447011
7538401011
16244481
10159284011
689758011
1040200
2402312011
107143011
11160412011
16244591
16244601
266219
16244621
2402181011
16244641
16244651
309121011
10806616011
12819
9059885011
17403
16244701
16244711
4092
7661740011
10367787011
745504
10368639011
379347011
10367656011
9536071011
8946318011
10367701011
4544422011
876684
307749011
5676196011
7921656011
14278871
271629011
10159350011
309322011
10099188011
7421481011
16310581
689776011
7743005011
2402247011
3568198011
8373232011
309203011
8298095011
287186
287187
287190
287191
287192
287193
287194
287195
287197
287201
7259415011
287207
287213
287215
287218
10020695011
287238
287239
287240
287241
287242
287243
287244
287246
287247
287248
287249
287251
287254
287255
8622826011
14292116011
287276
287277
287278
287279
287280
287281
287282
6511977011
287284
287286
287287
287288
287289
287290
10368574011
287292
287293
287294
287295
287296
4192
287299
287300
287302
287304
287306
287308
69731
287316
287318
16310871
287320
69733
287329
287331
287332
4198
287334
287339
287340
287341
10368556011
69736
8975377011
16310901
69737
16310911
4203
287367
287369
287370
287372
287373
287374
69741
287377
287378
10020709011
287380
69742
287382
287383
287384
287385
4207
10159370011
307684011
16310981
16310991
287458
746214
16311021
746228
10367755011
69761
52192011
549648
4227
16311061
689759011
4230
16311091
684254011
69771
16311121
11160413011
69774
16311131
10828131
10075825011
2402182011
16311181
16311191
194810011
10806617011
16311221
9059886011
16311231
16311241
7661741011
689810011
107172011
4268
308864011
4269
10367723011
69806
689735011
69807
69808
684287011
69809
16311341
310137011
16311351
10056640011
10368509011
2402215011
4286
4288
4539344011
4290
8622785011
16311441
5676197011
689786011
4292
4293
16311461
4296
7921657011
4298
307619011
13788371
8622773011
689798011
689825011
16311541
4308
4309
16311561
69848
16311571
4313
10367690011
16311581
4315
16311591
16311601
16311611
2402248011
16311631
307357011
16311641
3568199011
8373233011
8298096011
10020677011
288167
307745011
107183011
689726011
8622827011
6511978011
10368575011
2402281011
689714011
10159335011
8975378011
10020710011
10368515011
689738011
10806585011
689711011
10367756011
309165011
10159286011
4395
689760011
2402314011
684255011
10166921011
6515550011
3073871
2402183011
379365011
747400
10056624011
10806618011
9059887011
69960
7661742011
10367789011
3558828011
377885011
684288011
10367658011
689699011
2402216011
15755341
15755351
689678011
8298069011
16022551
6511995011
15755471
15755481
689826011
15755491
15755501
15755511
379382011
15755521
15755541
15755551
689695011
15755571
15755581
4491
15755591
3568200011
15755601
307767011
15755611
15755621
518504
518508
518510
518512
307909011
10020678011
15853961
11811
7259417011
7676226011
10367724011
52161011
14292118011
6511979011
10368576011
2402282011
9681300011
7421465011
8975379011
3074641
308669011
67467
308435011
309390011
10367757011
11309350011
689761011
2402315011
11160415011
14279732011
8946313011
132574011
10075827011
2402184011
309980011
10056625011
9059888011
7661743011
10367790011
7259400011
271576011
3558829011
689794011
309292011
684289011
10367659011
7976021011
10368511011
2402217011
4539346011
67483
5291
11309346011
10367692011
3568205011
107156011
10368544011
290064
8622811011
290072
290073
290075
290079
290080
290081
290082
290098
290100
290102
290104
290105
290111
290116
290117
290120
290122
290125
290126
8298098011
15756641
9045831011
3115
6134001011
1043840
1043842
10159308011
197488011
1043856
1043858
10159379011
10159357011
1043876
2402318011
1043878
1043880
1043882
1043884
1043886
1043888
1043890
1043892
1043894
1043896
7676227011
8622829011
689782011
10368577011
10368519011
1043966
2402283011
9681301011
2402194011
8975380011
10163
10020712011
307687011
309948011
290441
290443
11309335011
4723
14282431
7592931011
14282441
10166943011
689762011
14282461
14282471
2402316011
14282481
684257011
8622796011
14282491
689797011
7742996011
307851011
14282501
14282511
14279733011
7009079011
14282521
14282531
14282541
290099
9692508011
9059889011
7661744011
689773011
307589011
16052121
10367791011
3043241
52228011
271577011
689795011
290765
290767
290769
10368532011
684290011
16052201
16052241
10243
16052251
689749011
310014011
4539347011
16244611
16052321
689737011
16052341
2402198011
10159367011
10159354011
107178011
16052391
16052401
10367729011
10099192011
10367693011
16052451
689809011
10368545011
16052481
16052491
1239413011
9536074011
308450011
16052521
16052531
16052541
8298099011
689701011
16052551
290115
6134002011
16052591
689733011
7259419011
16052621
10307
16052641
7676228011
16052661
10367726011
16052671
309160011
9059882011
6511981011
10368578011
2402284011
9681302011
310080011
8975381011
291378
291379
291380
291381
291382
379360011
309949011
496398
16052841
10806588011
10367669011
16052891
10367759011
10159289011
4531811011
16052941
2402317011
16052951
684258011
8946316011
8298091011
11160417011
16053011
309130011
16053021
520992
520994
520996
16053041
10056627011
16053061
10806621011
8951188011
7538398011
10367792011
16053161
308868011
307459011
7976023011
16053231
10368513011
308937011
310015011
8622784011
10367751011
2083
309884011
8955557011
3559290011
6133984011
5571278011
226499
226502
226504
226505
226507
226511
226515
226516
226523
67555
226528
226529
226530
193766
2402252011
226545
226548
226549
3568203011
69740
6134003011
3559287011
226681
193914
193915
226684
226686
226689
226690
226694
226695
10368650011
226707
226709
226711
309786011
226716
226719
334042011
52164011
6511982011
10368579011
67563
9681303011
8975382011
355563011
10367691011
10367728011
16023131
67566
554538
307689011
10806589011
308967011
307558011
309819011
10367760011
52073011
10159363011
10159290011
882340
10368612011
7538384011
226994
309262011
684259011
10166925011
11160418011
689766011
3559094011
2402187011
10056628011
2402249011
308574011
227136
227140
7586183011
10367793011
227192
7654406011
227196
227200
227201
227204
227205
227207
227208
227209
227212
227213
10368645011
684292011
309721011
10367662011
10159380011
10433096011
227277
10166927011
10368514011
2402220011
308903011
10159368011
10368542011
14279737011
332928011
309885011
10368530011
271630011
9692516011
10367695011
10368518011
8298097011
489654
10368547011
227542
227545
227548
227551
227562
227563
227564
227565
227566
227567
227568
227570
227573
227574
227575
227576
227577
227578
227579
227580
227581
227582
227586
227594
227597
227599
227601
227602
227603
227606
227607
227608
227609
227610
227611
227612
227613
227614
227615
227616
227617
227618
227619
227620
227621
227622
7940340011
227630
227631
227632
227633
227634
227635
227636
227637
227639
227642
227643
227644
227645
227646
227647
227648
227650
227651
227652
227653
227654
227656
227657
227659
227660
227661
227662
227663
227664
227665
227666
7259421011
227668
227672
227673
227674
227675
227677
3045731
227686
227687
227688
227689
227690
227691
227694
227695
227696
227697
227698
227699
227703
227704
227710
227711
227713
227714
227716
227717
227721
227722
8622832011
227724
227725
227726
227727
227728
227729
227730
5187
227732
3045781
227734
227735
227736
227737
227738
227739
227740
16052651
227742
227743
6511983011
8622795011
10368580011
689796011
10367713011
2402286011
10166923011
3045851
14279703011
3045861
309164011
8622783011
4314
309951011
2479422011
307775011
392163011
10367761011
689788011
2402319011
684260011
107150011
11160419011
308706011
2402188011
5571273011
9692511011
16022311
7661747011
7586184011
5571261011
309853011
7009074011
689724011
16022391
10368646011
16022411
7009075011
67642
10367663011
309461011
689712011
9473326011
10184195011
2402221011
307756011
300253011
689700011
16022521
16022541
10755
4331
11350965011
300207
3564978011
309886011
689728011
271613011
67619
6514343011
7259440011
16022651
9059881011
916610
916612
8946314011
5571280011
69803
10094987011
720030
5427
10368548011
2402254011
9536077011
67623
9332129011
6134005011
9408970011
16022841
7259422011
10367664011
309362011
69810
309439011
8622833011
16022901
52166011
16022911
6511984011
10368581011
2402287011
10159265011
308456011
16022981
7259439011
5371
720358
10020716011
309952011
16023061
9536072011
2479423011
7288553011
10367762011
309166011
10159292011
3210861
3210871
10368614011
2402320011
307595011
307855011
11160420011
16252591
13922577011
689689011
2402189011
10056630011
9692512011
5571259011
491298
491300
491302
491306
7661748011
491308
491310
491312
491314
7586185011
491316
491336
491338
7654408011
491340
491342
491346
271581011
491348
491352
16252761
491354
10368647011
491364
491366
308457011
491378
309297011
491380
491382
491384
491386
684294011
491392
491394
307888011
491404
491406
491408
491410
355571011
491412
491414
491418
491422
491424
491426
491428
524198
491432
491436
491438
491442
491444
491446
491448
491450
2402222011
491452
491454
491458
491460
491462
491470
491472
491474
491478
689750011
720868
491494
491496
720874
491506
491510
491512
491514
491516
67563
67564
67565
67566
67567
67568
16859
67563
67564
67565
67566
67567
67568
16859
67563
67564
67565
67566
67567
67568
4827
16859
67563
67564
67565
67566
67567
67568
227675
4827
13987
16859
67563
67564
67565
67566
67567
67568
227675
4827
13987
16859
67563
67564
67565
67566
67567
67568
67691
227675
4827
13987
16859
67563
67564
67565
67566
67567
67568
67691
227675
4827
67610
